[[0, 0, 0, 0], [0, 0, 0, 6], [0, 0, 1, 5], [0, 0, 2, 4], [0, 0, 3, 3], [0, 0, 4, 2], [0, 0, 5, 1], [0, 0, 6, 0], [0, 1, 0, 5], [0, 1, 1, 4], [0, 1, 2, 3], [0, 1, 3, 2], [0, 1, 4, 1], [0, 1, 5, 0], [0, 2, 0, 4], [0, 2, 1, 3], [0, 2, 2, 2], [0, 2, 3, 1], [0, 2, 4, 0], [0, 3, 0, 3], [0, 3, 1, 2], [0, 3, 2, 1], [0, 3, 3, 0], [0, 4, 0, 2], [0, 4, 1, 1], [0, 4, 2, 0], [0, 5, 0, 1], [0, 5, 1, 0], [0, 6, 0, 0], [1, 0, 0, 5], [1, 0, 1, 4], [1, 0, 2, 3], [1, 0, 3, 2], [1, 0, 4, 1], [1, 0, 5, 0], [1, 1, 0, 4], [1, 1, 1, 3], [1, 1, 2, 2], [1, 1, 3, 1], [1, 1, 4, 0], [1, 2, 0, 3], [1, 2, 1, 2], [1, 2, 2, 1], [1, 2, 3, 0], [1, 3, 0, 2], [1, 3, 1, 1], [1, 3, 2, 0], [1, 4, 0, 1], [1, 4, 1, 0], [1, 5, 0, 0], [2, 0, 0, 4], [2, 0, 1, 3], [2, 0, 2, 2], [2, 0, 3, 1], [2, 0, 4, 0], [2, 1, 0, 3], [2, 1, 1, 2], [2, 1, 2, 1], [2, 1, 3, 0], [2, 2, 0, 2], [2, 2, 1, 1], [2, 2, 2, 0], [2, 3, 0, 1], [2, 3, 1, 0], [2, 4, 0, 0], [3, 0, 0, 3], [3, 0, 1, 2], [3, 0, 2, 1], [3, 0, 3, 0], [3, 1, 0, 2], [3, 1, 1, 1], [3, 1, 2, 0], [3, 2, 0, 1], [3, 2, 1, 0], [3, 3, 0, 0], [4, 0, 0, 2], [4, 0, 1, 1], [4, 0, 2, 0], [4, 1, 0, 1], [4, 1, 1, 0], [4, 2, 0, 0], [5, 0, 0, 1], [5, 0, 1, 0], [5, 1, 0, 0], [6, 0, 0, 0]]
85
[[6, 0, 0, 0], [5, 1, 0, 0], [4, 2, 0, 0], [4, 1, 1, 0], [3, 3, 0, 0], [3, 2, 1, 0], [3, 1, 1, 1], [2, 2, 2, 0], [2, 2, 1, 1]]
9
Time:    0.0490031242371
Numbers: 80, 222, 350, 125
Sum:     777
Product: 777000000

Time:    0.0700039863586
Numbers: 80, 350, 222, 125
Sum:     777
Product: 777000000

Time:    0.116006135941
