Time:    0.0440020561218
Numbers: 80, 222, 350, 125
Sum:     777
Product: 777000000

Time:    0.0650029182434
Numbers: 80, 350, 222, 125
Sum:     777
Product: 777000000

Time:    0.10900592804
