Time:    0.172008991241
Numbers: 80, 125, 222, 350
Sum:     777
Product: 777000000

Time:    0.272015094757
Numbers: 125, 80, 222, 350
Sum:     777
Product: 777000000

Time:    0.428024053574
